[[tensor([10, 10, 10, 10, 10, 10, 10, 10, 10, 10, 10, 10, 10, 10, 10, 10, 10, 10,
        10, 10, 10, 10, 10, 10, 10, 10, 10, 10, 10, 10, 10, 10, 10, 10, 10, 10,
        10, 10, 10, 10, 10, 10, 10, 10, 10, 10, 10, 10, 10, 10, 10,  9, 10, 10,
         9, 10, 10, 10, 10, 10,  9, 10, 10, 10, 10, 10, 10,  4,  9, 10, 10, 10,
        10,  9, 10,  9,  9,  9, 10, 10,  4, 10, 10, 10, 10, 10, 10, 10, 10,  9,
        10,  9, 10,  9, 10, 10, 10,  9,  9, 10])], [tensor([10,  4,  4,  4,  4,  4,  4,  4,  4,  4,  4,  4,  4,  4,  4,  4,  4,  4,
         4,  4,  4,  4,  4,  4,  4, 10, 10,  4, 10,  4, 10,  4,  4, 10,  4, 10,
        10, 10, 10, 10, 10,  4,  4,  4, 10, 10,  4,  4,  4, 10, 10, 10, 10, 10,
        10, 10, 10, 10, 10,  4,  4, 10, 10, 10, 10, 10, 10,  4,  4,  4, 10, 10,
        10, 10, 10, 10, 10, 10, 10, 10, 10, 10, 10, 10, 10, 10, 10, 10, 10, 10,
        10,  4, 10, 10, 10,  4, 10, 10,  4, 10])], [tensor([10, 10, 10, 10, 10, 10, 10, 10, 10, 10, 10, 10, 10, 10, 10, 10, 10, 10,
        10, 10, 10, 10, 10, 10, 10, 10, 10, 10, 10, 10, 10, 10, 10, 10, 10, 10,
        10, 10, 10,  4, 10, 10, 10, 10, 10, 10, 10, 10, 10, 10, 10, 10, 10, 10,
        10,  4, 10, 10, 10, 10, 10, 10, 10, 10, 10, 10, 10,  9, 10, 10, 10, 10,
         9, 10, 10,  4, 10,  4, 10, 10, 10,  9, 10,  9, 10, 10,  9, 10,  9,  9,
        10, 10,  9, 10, 10, 10,  9, 10,  4,  9])], [tensor([ 4,  4,  4,  4,  4,  4,  4,  4,  4,  4,  4,  4,  4,  4,  4,  4,  4,  4,
         4, 10, 10, 10, 10, 10, 10,  4,  4, 10, 10, 10, 10,  4,  4,  4,  4, 10,
         4, 10,  4,  4,  4, 10,  4, 10, 10, 10,  4, 10, 10, 10, 10, 10,  4, 10,
        10, 10,  4, 10, 10, 10,  4,  4, 10, 10, 10, 10,  9, 10,  4, 10, 10, 10,
         4, 10, 10,  4, 10, 10,  9, 10,  4, 10, 10, 10, 10,  9, 10, 10, 10,  9,
         4,  4, 10, 10,  4,  9, 10, 10,  4, 10])], [tensor([ 4, 10,  4, 10,  4,  4,  4, 10,  4,  4,  4,  4, 10,  4,  4,  4,  4,  4,
         4,  4,  4,  4,  4,  4, 10,  4, 10,  4,  4, 10, 10, 10, 10, 10, 10, 10,
        10, 10, 10, 10, 10, 10, 10, 10, 10, 10, 10, 10, 10, 10, 10, 10, 10, 10,
        10, 10, 10, 10, 10,  4, 10, 10, 10, 10, 10, 10, 10, 10, 10, 10, 10, 10,
        10, 10, 10, 10, 10, 10, 10, 10, 10, 10, 10, 10, 10, 10, 10, 10, 10, 10,
        10, 10, 10, 10, 10, 10, 10, 10, 10, 10])], [tensor([10, 10, 10, 10, 10, 10, 10, 10, 10, 10, 10, 10, 10, 10, 10, 10, 10, 10,
        10, 10, 10, 10, 10, 10, 10, 10, 10, 10, 10, 10, 10, 10, 10, 10, 10, 10,
        10, 10, 10, 10, 10, 10, 10, 10, 10, 10, 10, 10, 10, 10, 10, 10, 10, 10,
        10, 10, 10, 10, 10, 10, 10, 10, 10, 10, 10, 10, 10, 10, 10, 10, 10, 10,
        10, 10, 10, 10, 10, 10, 10, 10, 10, 10, 10, 10, 10, 10, 10, 10, 10, 10,
        10, 10, 10, 10, 10, 10, 10, 10, 10, 10])], [tensor([ 4,  4,  4,  4,  4,  4, 10, 10,  4, 10,  9, 10, 10, 10, 10, 10, 10, 10,
        10, 10, 10,  9, 10, 10,  9,  9,  4, 10,  9, 10,  9, 10, 10,  9,  9, 10,
        10,  4, 10,  9,  9, 10, 10,  9, 10,  9,  9, 10, 10,  9,  9, 10,  9,  9,
        10,  9, 10,  9,  9,  9, 10,  9, 10, 10, 10,  9,  9,  9, 10, 10,  9, 10,
        10, 10,  9,  9,  9, 10, 10, 10, 10, 10,  9,  9, 10, 10,  9, 10, 10, 10,
         9, 10,  4, 10, 10, 10,  9, 10, 10, 10])], [tensor([10, 10, 10, 10, 10,  4,  4,  4,  4,  4,  4,  4, 10,  4, 10, 10,  4, 10,
         4, 10, 10, 10, 10, 10,  4, 10, 10,  4,  4,  4, 10, 10, 10, 10, 10, 10,
        10, 10, 10, 10, 10, 10, 10, 10, 10, 10, 10, 10, 10, 10, 10, 10, 10, 10,
        10, 10, 10, 10, 10, 10, 10, 10, 10, 10,  4, 10, 10,  4, 10, 10, 10, 10,
        10, 10, 10,  4,  4, 10, 10, 10, 10, 10, 10,  4, 10, 10, 10,  4,  4, 10,
        10,  4,  4,  4, 10, 10, 10, 10, 10, 10])], [tensor([ 4,  4,  4,  4,  4,  4,  4,  4,  9,  4,  4,  4,  4,  4,  9,  9,  4,  9,
         9,  4,  9,  9,  9,  4,  9,  9,  9,  9,  9,  9,  4,  9,  4,  4,  9,  9,
         4,  9,  4,  9,  4,  9,  9,  4,  9,  4,  9, 10,  9,  4,  9,  9,  9,  9,
         9,  9,  9,  9,  9,  9,  9,  9,  9,  4,  9,  4,  9,  9,  4,  4,  4, 10,
         9, 10,  4,  9,  4,  4,  9,  9,  4, 10,  9, 10, 10, 10, 10,  4,  9,  9,
         9, 10,  4,  9,  4,  9,  9,  9, 10, 10])], [tensor([ 4,  4,  4,  4,  4,  4,  4,  4,  4,  4,  4,  4,  4,  4,  4,  4,  4,  4,
         4,  4,  4,  4,  4,  4,  4,  4,  4,  4,  4,  4,  4,  4,  4,  4,  4,  4,
         4,  4,  4,  4,  4,  4,  4,  4,  4,  4, 10,  4,  4, 10, 10, 10, 10, 10,
        10,  4, 10, 10, 10, 10, 10,  4, 10,  4, 10,  4, 10, 10, 10, 10, 10,  4,
         4,  4, 10, 10,  4,  9,  4, 10,  4,  9,  9, 10,  9,  4, 10, 10,  9,  4,
        10,  9, 10, 10,  4, 10, 10, 10, 10,  4])], [tensor([ 4,  4,  4,  4,  4,  4,  4,  4,  4,  4,  4,  4,  4,  4,  4,  4,  4,  4,
         4,  4,  4,  4,  4,  4,  4,  4,  4,  4,  4,  4,  4,  4,  4,  4,  4,  4,
         4,  4,  4,  4,  4,  4,  4,  4, 10,  4, 10, 10,  4, 10, 10, 10, 10,  4,
        10,  4, 10, 10, 10, 10, 10, 10, 10,  4, 10,  4, 10, 10, 10, 10, 10, 10,
        10,  4, 10, 10,  9,  9,  9,  9, 10, 10, 10, 10, 10,  4, 10, 10, 10, 10,
        10,  9,  9, 10,  4, 10,  9, 10,  9,  9])], [tensor([ 4,  4,  4,  4,  4,  4,  9, 10,  4,  9,  9,  9, 10,  9,  9,  9,  9,  9,
         9, 10,  9,  9,  9, 10,  9,  9,  9,  9,  4,  9,  9,  9,  9, 10,  9, 10,
         9,  9,  9,  9,  9,  9, 10,  9,  4,  9,  9,  9,  9, 10,  9, 10, 10,  9,
         9,  9,  9,  9,  9,  9,  9,  9,  9,  9,  9, 10,  9,  9,  9, 10, 10,  9,
        10,  9, 10, 10,  9, 10,  9, 10,  9,  9, 10, 10, 10, 10,  9,  9, 10,  9,
         9,  9, 10,  9, 10, 10, 10, 10, 10, 10])], [tensor([10,  4,  4, 10,  4,  4, 10, 10, 10,  4, 10,  4, 10,  9,  9,  9,  9,  9,
         9,  9,  9,  9,  4,  9,  9,  4,  9,  9, 10,  9,  9,  9,  9,  9,  9,  9,
        10,  9,  9, 10,  9,  9,  9,  9,  4,  9,  9,  9,  9,  9,  9,  4,  9,  4,
         9,  9,  9,  9,  9,  9,  9,  9,  9, 10,  7,  4,  9,  9,  9,  9,  9, 10,
         9,  9, 10, 10, 10,  9,  9,  9,  9,  9,  9,  9,  9,  7, 10,  9, 10,  9,
         9, 10,  9,  9,  9,  9,  9, 10,  9,  9])], [tensor([ 4,  4,  4,  4,  4,  4, 10, 10,  9, 10, 10, 10, 10, 10, 10, 10,  4, 10,
        10, 10,  9, 10,  4, 10,  4, 10, 10, 10, 10,  4,  9,  9, 10,  4,  9, 10,
        10,  9, 10, 10, 10, 10, 10,  4, 10, 10,  4, 10, 10,  9, 10, 10, 10,  9,
        10, 10,  9, 10, 10, 10, 10,  9, 10, 10, 10,  9, 10, 10,  9, 10,  9,  4,
         4, 10, 10, 10, 10, 10, 10, 10, 10, 10, 10,  4, 10, 10, 10,  9,  9,  9,
        10,  9, 10, 10, 10, 10,  9, 10, 10,  4])], [tensor([ 4,  4,  4,  4,  4,  4,  4,  4, 10, 10,  4, 10,  4, 10,  4, 10, 10,  4,
         4, 10, 10, 10, 10,  4,  4,  4,  4, 10, 10, 10,  4,  4,  4, 10,  4, 10,
         9, 10,  9,  9,  9,  9,  9, 10,  9,  4,  9,  9,  9,  9,  4,  9, 10,  9,
        10,  4,  9, 10,  9, 10,  9,  9, 10,  9, 10,  9,  9,  9,  9,  9, 10, 10,
         9,  9,  9,  9, 10,  9,  9,  9,  9, 10, 10,  9,  9,  9,  9,  9,  9,  9,
         9,  9, 10,  9,  9,  9,  9,  9,  9, 10])], [tensor([ 4,  4,  4,  4,  4,  4,  9,  9,  9,  4,  9,  9,  9,  4,  9,  9, 10,  4,
         4,  4,  9,  9,  9,  4, 10, 10,  4, 10, 10, 10,  9,  4,  4, 10, 10, 10,
        10, 10,  9, 10, 10,  9, 10,  4, 10, 10, 10, 10, 10, 10, 10,  9, 10,  4,
        10, 10, 10, 10, 10, 10, 10, 10, 10,  4, 10,  9, 10, 10, 10, 10, 10, 10,
        10, 10, 10,  9,  4, 10, 10, 10, 10,  9, 10,  9,  9, 10,  9, 10,  9, 10,
         9, 10,  9, 10,  9,  9, 10, 10,  9, 10])], [tensor([ 4,  4,  4,  4,  4,  4,  4,  4,  4,  4,  4,  4,  4,  4,  4,  4,  4,  4,
         9,  9,  4,  9,  9,  4,  9,  9,  4,  9,  9,  9,  9,  9,  9,  9,  9,  9,
         9,  9,  9, 10, 10, 10, 10, 10, 10, 10,  9, 10,  9,  9,  9, 10,  4, 10,
         9, 10,  9, 10,  9,  9,  9,  9,  9,  9,  9,  9,  9,  9, 10, 10,  9, 10,
         9,  9, 10, 10, 10,  9,  4,  9,  9, 10,  9, 10, 10,  9, 10,  9,  9, 10,
         9, 10,  9, 10,  9,  9, 10,  9,  9, 10])], [tensor([ 4,  4,  4,  4,  4,  4,  4,  4,  4,  4,  4,  4,  4,  4,  4,  4,  4,  4,
         4, 10, 10, 10, 10,  4,  4,  4,  4, 10, 10, 10, 10, 10, 10,  4, 10, 10,
        10,  4,  4, 10,  4, 10, 10, 10, 10, 10, 10,  4, 10, 10, 10, 10, 10,  4,
        10,  9, 10,  9,  9, 10, 10, 10, 10, 10,  9, 10,  4, 10, 10, 10,  9, 10,
         9, 10,  9,  9,  9,  9,  4,  9, 10,  9, 10, 10,  4,  9, 10, 10,  9, 10,
        10, 10,  9,  9, 10, 10, 10,  9, 10, 10])], [tensor([ 4,  4,  4,  4,  4,  4,  4,  4,  4,  4,  4,  4,  4,  4,  4,  4,  4,  4,
        10, 10, 10, 10, 10, 10, 10, 10, 10, 10, 10, 10, 10, 10,  4, 10, 10, 10,
        10,  4,  4, 10, 10, 10,  4, 10, 10, 10, 10, 10, 10, 10, 10, 10, 10,  4,
        10, 10,  4, 10, 10, 10, 10, 10, 10, 10, 10, 10, 10, 10, 10, 10, 10, 10,
        10, 10, 10, 10, 10, 10, 10, 10, 10,  4, 10, 10, 10, 10, 10, 10, 10, 10,
        10, 10, 10, 10, 10, 10, 10, 10, 10, 10])], [tensor([10, 10, 10,  4,  4, 10, 10,  4,  4,  4,  4,  4,  4,  4,  4,  4,  4,  4,
         4,  4,  4,  4,  4,  4,  4,  4,  4,  4,  4,  4, 10, 10, 10,  4, 10,  4,
        10,  4, 10,  4, 10, 10, 10,  4,  7,  7, 10, 10, 10, 10, 10,  4,  1,  4,
        10, 10, 10, 10, 10, 10, 10, 10, 10,  4,  7, 10, 10,  7,  4, 10, 10,  4,
         4, 10, 10,  1,  1,  1,  1, 10,  1,  1, 10,  4,  1,  1,  1,  7,  1, 10,
        10,  7, 10, 10,  1,  1,  1,  1,  1,  1])], [tensor([ 4,  4,  4,  4,  4, 10,  4, 10,  4, 10, 10, 10, 10, 10, 10, 10, 10, 10,
        10, 10, 10, 10, 10, 10, 10, 10, 10, 10, 10, 10, 10, 10, 10, 10, 10, 10,
         4, 10, 10, 10, 10,  4, 10, 10, 10, 10,  4, 10, 10,  4,  4, 10,  4,  1,
         4,  1,  1, 10,  1,  1,  1,  4,  1,  1,  1,  1,  1,  1,  4,  1,  4, 10,
         1,  1, 10,  1,  1,  1,  1, 10, 10,  1, 10, 10, 10, 10,  1, 10, 10, 10,
        10, 10, 10, 10, 10, 10,  1, 10, 10,  1])], [tensor([ 4,  4,  4,  4,  4,  4,  4,  4,  9,  4,  9,  4, 10,  9, 10, 10, 10, 10,
         4, 10, 10, 10, 10,  9, 10, 10, 10, 10, 10, 10, 10, 10, 10,  4, 10, 10,
        10, 10, 10, 10, 10,  4, 10, 10, 10, 10, 10, 10, 10, 10, 10, 10, 10, 10,
        10, 10,  4, 10,  4, 10,  4, 10, 10, 10, 10, 10,  4, 10,  4, 10, 10, 10,
         9, 10, 10, 10,  4, 10, 10, 10, 10, 10, 10, 10, 10, 10, 10, 10,  4, 10,
        10, 10, 10, 10, 10, 10,  9, 10, 10, 10])], [tensor([10, 10, 10, 10, 10, 10, 10, 10, 10, 10, 10, 10, 10, 10, 10, 10, 10, 10,
        10, 10, 10, 10, 10, 10, 10, 10, 10, 10, 10, 10, 10, 10, 10, 10,  9, 10,
        10, 10, 10, 10, 10, 10, 10, 10, 10, 10, 10, 10,  9, 10,  9, 10, 10, 10,
        10,  9,  9, 10,  9, 10, 10,  9,  4, 10, 10, 10, 10, 10, 10, 10, 10,  9,
         9, 10, 10, 10, 10, 10,  9,  9,  9, 10, 10, 10, 10, 10,  4, 10,  9,  9,
        10, 10, 10, 10, 10, 10, 10,  4, 10,  9])], [tensor([ 4,  4,  4,  4,  4,  4,  4,  4,  4,  4,  4,  4,  4,  4,  4,  4,  4,  4,
         4,  4,  4,  4,  7,  7,  7, 10,  7,  7,  7,  4,  7,  4,  4,  7,  7,  7,
         4,  7,  4,  7, 10,  7, 10, 10,  7, 10, 10,  4,  4,  7,  7,  7,  7,  4,
         4, 10,  7,  7, 10,  7,  7, 10, 10,  7, 10, 10,  4, 10, 10, 10, 10,  4,
        10,  7, 10, 10, 10,  1,  1, 10,  7, 10,  4,  4,  7, 10,  1,  7,  1, 10,
         1,  1,  1, 10, 10, 10,  7, 10,  7, 10])], [tensor([ 4,  4,  4,  4,  4,  4,  4,  4,  4,  4,  4,  4,  4,  4,  4,  4,  4,  4,
         4,  4,  4,  4,  4,  4,  4,  4,  4,  4,  4, 10,  4,  4, 10,  4,  4,  4,
         4, 10, 10, 10,  4, 10, 10, 10, 10, 10,  4, 10,  4,  4, 10,  4,  9, 10,
        10,  4,  4, 10, 10,  4, 10, 10, 10,  9, 10, 10, 10,  4, 10, 10,  4, 10,
         4, 10, 10, 10,  4, 10, 10, 10,  4,  4,  9, 10, 10, 10, 10, 10,  4, 10,
         4,  4, 10,  4, 10, 10, 10, 10, 10,  4])], [tensor([ 4,  4,  4,  4,  4,  4,  4,  4,  4,  4,  4,  4,  4,  4,  4,  4,  4,  4,
         4,  4,  4,  4,  4,  4,  4,  4,  4,  4,  4,  4,  4,  4,  4, 10,  4, 10,
        10, 10, 10, 10, 10, 10, 10, 10, 10, 10, 10, 10, 10, 10, 10, 10, 10, 10,
        10, 10, 10, 10, 10, 10, 10, 10, 10, 10, 10, 10, 10, 10, 10, 10, 10,  4,
        10, 10, 10, 10,  4, 10, 10, 10, 10,  4,  4, 10,  4,  4, 10, 10,  4, 10,
        10, 10, 10, 10, 10, 10, 10, 10,  4, 10])], [tensor([4, 4, 4, 4, 4, 4, 4, 4, 4, 4, 4, 1, 1, 1, 1, 1, 1, 4, 1, 1, 1, 1, 1, 1,
        1, 1, 1, 1, 1, 1, 1, 4, 1, 1, 1, 1, 1, 1, 4, 1, 4, 1, 4, 1, 1, 1, 1, 4,
        1, 1, 1, 1, 1, 4, 1, 1, 1, 1, 1, 1, 1, 4, 1, 1, 4, 1, 1, 1, 1, 1, 1, 1,
        4, 1, 1, 1, 1, 1, 1, 1, 1, 1, 1, 1, 1, 1, 1, 1, 4, 1, 1, 1, 1, 1, 1, 1,
        1, 1, 1, 1])], [tensor([10, 10,  4,  4, 10, 10, 10, 10,  4,  4, 10,  4, 10, 10, 10, 10, 10, 10,
        10, 10, 10, 10,  4, 10, 10,  4, 10, 10, 10, 10, 10, 10, 10, 10,  4, 10,
        10, 10, 10, 10, 10, 10, 10, 10, 10, 10, 10, 10, 10, 10, 10,  4, 10, 10,
        10, 10,  4, 10, 10, 10, 10, 10, 10,  9, 10,  9, 10, 10, 10, 10, 10, 10,
         4, 10, 10, 10, 10, 10, 10, 10, 10, 10, 10, 10, 10, 10, 10, 10, 10, 10,
        10,  4, 10, 10,  4, 10, 10, 10, 10, 10])], [tensor([ 9,  9,  9,  9,  9,  9,  9,  9,  9,  9,  9,  9,  9,  9,  9,  9,  9,  9,
         9,  9,  9,  9,  9,  9,  9,  9,  9,  9,  9,  9,  9,  9,  9,  9,  9,  9,
         9,  9,  9,  9,  4,  9,  9,  9,  9,  9,  9,  9,  9,  9,  9,  9,  9,  9,
         9,  9,  9,  9,  9,  9,  9,  9,  9,  9, 10, 10,  9,  9, 10,  9,  9,  9,
         9, 10,  9,  9,  9,  9, 10, 10,  9,  9,  9,  9,  9, 10,  9,  9,  9,  9,
         9,  9,  9, 10, 10,  9, 10,  9,  9, 10])], [tensor([10, 10, 10, 10, 10, 10, 10, 10, 10, 10,  9,  9, 10, 10, 10,  9,  9, 10,
        10, 10,  9,  9,  9,  9, 10,  9,  9,  9,  9,  9,  9,  9,  9,  9, 10,  9,
         9,  9,  9,  9, 10, 10,  9, 10,  9,  9,  9,  9,  9, 10,  9,  9,  9,  9,
         9, 10,  9,  7,  9,  4,  9,  9,  9,  9,  9,  9,  9, 10,  9,  9,  9,  9,
         9,  9,  9, 10,  9,  9, 10,  9,  9,  9,  9,  1,  9,  7,  9, 10,  9,  9,
         9, 10, 10,  9,  9, 10,  9,  9,  9,  1])], [tensor([ 4,  4,  4,  4,  4,  4,  4,  4,  4,  4,  4,  4,  4,  4,  4, 10,  4,  4,
        10,  4, 10, 10,  4,  4,  4,  4,  4, 10,  4,  4, 10,  1,  4, 10,  1, 10,
         1, 10,  1, 10, 10, 10, 10, 10, 10, 10, 10, 10, 10, 10, 10, 10,  1, 10,
        10,  1,  1,  1,  1,  1, 10,  1,  1,  1, 10,  1,  1,  1,  1, 10, 10, 10,
        10, 10, 10,  1,  1,  1,  1,  1,  1, 10, 10, 10,  1, 10, 10,  1, 10,  1,
        10,  1,  1, 10, 10, 10, 10, 10, 10,  1])], [tensor([ 4,  4,  4,  4,  4,  4,  4,  4,  4,  4,  4,  4,  4,  4,  4,  4,  4,  4,
         4,  4,  4,  4,  4,  4,  4,  4,  4,  4,  4,  4,  4,  4,  4,  4,  4,  4,
         4,  4,  4,  4,  4,  4,  4,  4,  4,  4,  4,  4,  4,  4,  4,  4,  4,  4,
         4,  4,  4,  4,  4,  4,  4,  4,  4,  4,  4,  7,  4,  4,  7,  4,  4,  4,
         7,  4,  4,  4,  4,  4,  4,  4,  4,  7,  4,  4,  4,  4,  4,  4,  4,  4,
        10,  4,  4,  7,  4,  7, 10,  4,  4,  7])], [tensor([ 4,  4,  4,  4,  4, 10,  4,  4,  4,  4,  4,  4,  4, 10, 10,  4, 10, 10,
        10, 10, 10,  4,  4,  4, 10, 10, 10, 10, 10, 10,  4, 10, 10, 10, 10, 10,
        10, 10, 10, 10, 10, 10,  4, 10,  4, 10, 10, 10, 10, 10, 10, 10, 10, 10,
        10, 10, 10, 10, 10, 10, 10, 10, 10, 10, 10, 10, 10, 10, 10, 10, 10, 10,
        10, 10, 10, 10, 10, 10, 10, 10, 10, 10, 10, 10, 10, 10, 10, 10, 10, 10,
        10,  4, 10, 10, 10, 10, 10, 10,  4, 10])], [tensor([10, 10, 10, 10, 10, 10, 10, 10,  1,  1,  1,  1,  1,  1, 10, 10, 10, 10,
        10, 10, 10, 10, 10, 10, 10, 10, 10, 10, 10, 10, 10, 10, 10, 10, 10, 10,
        10, 10, 10, 10, 10, 10, 10, 10, 10, 10, 10, 10, 10, 10, 10, 10, 10, 10,
        10, 10, 10, 10, 10, 10, 10, 10, 10, 10, 10,  1, 10, 10, 10, 10, 10, 10,
        10, 10, 10, 10, 10, 10, 10, 10, 10, 10, 10, 10, 10, 10, 10, 10, 10, 10,
        10, 10, 10, 10, 10, 10, 10, 10, 10, 10])], [tensor([ 4,  4,  4,  4,  4,  4,  4,  4,  4,  4,  4,  4,  4,  4, 10,  4,  4,  4,
         4, 10, 10, 10, 10, 10, 10, 10, 10, 10, 10, 10, 10, 10, 10, 10,  9,  9,
        10, 10, 10, 10, 10, 10, 10,  9, 10, 10, 10, 10, 10, 10,  9,  9, 10, 10,
         9, 10, 10, 10, 10,  9, 10,  9,  9, 10,  9, 10, 10,  9,  9, 10, 10,  9,
        10, 10, 10,  9,  9, 10,  9,  9, 10, 10, 10,  9, 10,  9, 10, 10,  4,  9,
        10,  4,  4, 10, 10,  9,  9,  9, 10, 10])], [tensor([ 4,  4,  4,  4,  4,  4,  4,  4,  4,  4,  4,  4,  4,  4,  4,  4,  4,  4,
         4,  4,  4,  4,  4,  4,  4,  4, 10,  4,  4,  4, 10, 10, 10, 10, 10,  4,
        10, 10, 10, 10, 10, 10,  4, 10, 10, 10, 10, 10,  4, 10, 10, 10, 10, 10,
        10, 10, 10, 10, 10, 10, 10, 10, 10,  4, 10, 10, 10, 10,  4, 10, 10,  4,
        10, 10, 10, 10, 10, 10, 10, 10, 10,  4,  4, 10, 10, 10, 10,  4,  4, 10,
         4, 10, 10, 10,  4, 10, 10,  9, 10, 10])]]